# Intrinsic and extrinsic parameters for a multi camera system
intrinsics:
- pinhole:
    fx: 1843.0266563192758
    fy: 1845.7469867204697
    cx: 593.9029387060905
    cy: 510.3117257648674
    width: 1224
    height: 1024
    skew: 0.0
  model: pinhole_radial_tangential
  radial_tangential:
    radial:
    - -0.09779986933786036
    - 0.4235089285002618
    - -0.2138116130288651
    t1: 0.0
    t2: 0.0
  version: 0
- pinhole:
    fx: 1845.2811669841064
    fy: 1848.1309781220905
    cx: 619.9160619228937
    cy: 507.97942367026275
    width: 1224
    height: 1024
    skew: 0.0
  model: pinhole_radial_tangential
  radial_tangential:
    radial:
    - -0.09813651842202252
    - 0.36735581387712374
    - 0.14324006657864705
    t1: 0.0
    t2: 0.0
  version: 0
- pinhole:
    fx: 1843.2117249751182
    fy: 1845.9251430794566
    cx: 622.1271056048702
    cy: 523.2445383900631
    width: 1224
    height: 1024
    skew: 0.0
  model: pinhole_radial_tangential
  radial_tangential:
    radial:
    - -0.0997132249925386
    - 0.3653842613696676
    - 0.2901467486344031
    t1: 0.0
    t2: 0.0
  version: 0
model: mult_camera
camerasToSensor:
- rotation:
  - 1.0
  - 0.0
  - 0.0
  - 0.0
  - 1.0
  - 0.0
  - 0.0
  - 0.0
  - 1.0
  x: 0.0
  y: 0.0
  z: 0.0
- rotation:
  - 0.9987203119381826
  - 8.1554860711322E-5
  - -0.05057402367722039
  - -4.772223444915219E-5
  - 0.9999997742909409
  - 6.70179569743689E-4
  - 0.05057406691860655
  - -6.669084435340527E-4
  - 0.9987200904099408
  x: 4.944252999274568
  y: -0.009424610667674372
  z: 0.327277384910135
- rotation:
  - 0.9839334700185486
  - 1.419295643630353E-7
  - -0.1785355050885899
  - 0.0010964297714722887
  - 0.9999811375905885
  - 0.0060433686623185875
  - 0.1785321383365311
  - -0.006142024341560455
  - 0.9839149105069876
  x: 9.716055164836112
  y: 0.011084873231458594
  z: 0.6456028530757143
version: 0
